**** Calibrating ****
mono pinhole calibration...
D = [-0.0036269457381508685, -0.010992075169790824, 0.004832426538261321, 0.0053014621729642365, 0.0]
K = [367.1413313399194, 0.0, 345.71473127919995, 0.0, 323.55131522063704, 242.18018742440165, 0.0, 0.0, 1.0]
R = [1.0, 0.0, 0.0, 0.0, 1.0, 0.0, 0.0, 0.0, 1.0]
P = [362.8542785644531, 0.0, 351.41459959875283, 0.0, 0.0, 322.2257385253906, 245.0444583718945, 0.0, 0.0, 0.0, 1.0, 0.0]
None
# oST version 5.0 parameters


[image]

width
640

height
480

[narrow_stereo]

camera matrix
367.141331 0.000000 345.714731
0.000000 323.551315 242.180187
0.000000 0.000000 1.000000

distortion
-0.003627 -0.010992 0.004832 0.005301 0.000000

rectification
1.000000 0.000000 0.000000
0.000000 1.000000 0.000000
0.000000 0.000000 1.000000

projection
362.854279 0.000000 351.414600 0.000000
0.000000 322.225739 245.044458 0.000000
0.000000 0.000000 1.000000 0.000000

**** Calibrating ****
mono pinhole calibration...
D = [-0.0036269457381508685, -0.010992075169790824, 0.004832426538261321, 0.0053014621729642365, 0.0]
K = [367.1413313399194, 0.0, 345.71473127919995, 0.0, 323.55131522063704, 242.18018742440165, 0.0, 0.0, 1.0]
R = [1.0, 0.0, 0.0, 0.0, 1.0, 0.0, 0.0, 0.0, 1.0]
P = [362.8542785644531, 0.0, 351.41459959875283, 0.0, 0.0, 322.2257385253906, 245.0444583718945, 0.0, 0.0, 0.0, 1.0, 0.0]
None
# oST version 5.0 parameters


[image]

width
640

height
480

[narrow_stereo]

camera matrix
367.141331 0.000000 345.714731
0.000000 323.551315 242.180187
0.000000 0.000000 1.000000

distortion
-0.003627 -0.010992 0.004832 0.005301 0.000000

rectification
1.000000 0.000000 0.000000
0.000000 1.000000 0.000000
0.000000 0.000000 1.000000

projection
362.854279 0.000000 351.414600 0.000000
0.000000 322.225739 245.044458 0.000000
0.000000 0.000000 1.000000 0.000000

**** Calibrating ****
mono pinhole calibration...
D = [-0.0036269457381508685, -0.010992075169790824, 0.004832426538261321, 0.0053014621729642365, 0.0]
K = [367.1413313399194, 0.0, 345.71473127919995, 0.0, 323.55131522063704, 242.18018742440165, 0.0, 0.0, 1.0]
R = [1.0, 0.0, 0.0, 0.0, 1.0, 0.0, 0.0, 0.0, 1.0]
P = [362.8542785644531, 0.0, 351.41459959875283, 0.0, 0.0, 322.2257385253906, 245.0444583718945, 0.0, 0.0, 0.0, 1.0, 0.0]
None
# oST version 5.0 parameters


[image]

width
640

height
480

[narrow_stereo]

camera matrix
367.141331 0.000000 345.714731
0.000000 323.551315 242.180187
0.000000 0.000000 1.000000

distortion
-0.003627 -0.010992 0.004832 0.005301 0.000000

rectification
1.000000 0.000000 0.000000
0.000000 1.000000 0.000000
0.000000 0.000000 1.000000

projection
362.854279 0.000000 351.414600 0.000000
0.000000 322.225739 245.044458 0.000000
0.000000 0.000000 1.000000 0.000000

**** Calibrating ****
mono pinhole calibration...
D = [-0.0036269457381508685, -0.010992075169790824, 0.004832426538261321, 0.0053014621729642365, 0.0]
K = [367.1413313399194, 0.0, 345.71473127919995, 0.0, 323.55131522063704, 242.18018742440165, 0.0, 0.0, 1.0]
R = [1.0, 0.0, 0.0, 0.0, 1.0, 0.0, 0.0, 0.0, 1.0]
P = [362.8542785644531, 0.0, 351.41459959875283, 0.0, 0.0, 322.2257385253906, 245.0444583718945, 0.0, 0.0, 0.0, 1.0, 0.0]
None
# oST version 5.0 parameters


[image]

width
640

height
480

[narrow_stereo]

camera matrix
367.141331 0.000000 345.714731
0.000000 323.551315 242.180187
0.000000 0.000000 1.000000

distortion
-0.003627 -0.010992 0.004832 0.005301 0.000000

rectification
1.000000 0.000000 0.000000
0.000000 1.000000 0.000000
0.000000 0.000000 1.000000

projection
362.854279 0.000000 351.414600 0.000000
0.000000 322.225739 245.044458 0.000000
0.000000 0.000000 1.000000 0.000000

**** Calibrating ****
mono pinhole calibration...
D = [-0.0036269457381508685, -0.010992075169790824, 0.004832426538261321, 0.0053014621729642365, 0.0]
K = [367.1413313399194, 0.0, 345.71473127919995, 0.0, 323.55131522063704, 242.18018742440165, 0.0, 0.0, 1.0]
R = [1.0, 0.0, 0.0, 0.0, 1.0, 0.0, 0.0, 0.0, 1.0]
P = [362.8542785644531, 0.0, 351.41459959875283, 0.0, 0.0, 322.2257385253906, 245.0444583718945, 0.0, 0.0, 0.0, 1.0, 0.0]
None
# oST version 5.0 parameters


[image]

width
640

height
480

[narrow_stereo]

camera matrix
367.141331 0.000000 345.714731
0.000000 323.551315 242.180187
0.000000 0.000000 1.000000

distortion
-0.003627 -0.010992 0.004832 0.005301 0.000000

rectification
1.000000 0.000000 0.000000
0.000000 1.000000 0.000000
0.000000 0.000000 1.000000

projection
362.854279 0.000000 351.414600 0.000000
0.000000 322.225739 245.044458 0.000000
0.000000 0.000000 1.000000 0.000000

**** Calibrating ****
mono pinhole calibration...
D = [-0.0036269457381508685, -0.010992075169790824, 0.004832426538261321, 0.0053014621729642365, 0.0]
K = [367.1413313399194, 0.0, 345.71473127919995, 0.0, 323.55131522063704, 242.18018742440165, 0.0, 0.0, 1.0]
R = [1.0, 0.0, 0.0, 0.0, 1.0, 0.0, 0.0, 0.0, 1.0]
P = [362.8542785644531, 0.0, 351.41459959875283, 0.0, 0.0, 322.2257385253906, 245.0444583718945, 0.0, 0.0, 0.0, 1.0, 0.0]
None
# oST version 5.0 parameters


[image]

width
640

height
480

[narrow_stereo]

camera matrix
367.141331 0.000000 345.714731
0.000000 323.551315 242.180187
0.000000 0.000000 1.000000

distortion
-0.003627 -0.010992 0.004832 0.005301 0.000000

rectification
1.000000 0.000000 0.000000
0.000000 1.000000 0.000000
0.000000 0.000000 1.000000

projection
362.854279 0.000000 351.414600 0.000000
0.000000 322.225739 245.044458 0.000000
0.000000 0.000000 1.000000 0.000000

**** Calibrating ****
mono pinhole calibration...
D = [-0.0036269457381508685, -0.010992075169790824, 0.004832426538261321, 0.0053014621729642365, 0.0]
K = [367.1413313399194, 0.0, 345.71473127919995, 0.0, 323.55131522063704, 242.18018742440165, 0.0, 0.0, 1.0]
R = [1.0, 0.0, 0.0, 0.0, 1.0, 0.0, 0.0, 0.0, 1.0]
P = [362.8542785644531, 0.0, 351.41459959875283, 0.0, 0.0, 322.2257385253906, 245.0444583718945, 0.0, 0.0, 0.0, 1.0, 0.0]
None
# oST version 5.0 parameters


[image]

width
640

height
480

[narrow_stereo]

camera matrix
367.141331 0.000000 345.714731
0.000000 323.551315 242.180187
0.000000 0.000000 1.000000

distortion
-0.003627 -0.010992 0.004832 0.005301 0.000000

rectification
1.000000 0.000000 0.000000
0.000000 1.000000 0.000000
0.000000 0.000000 1.000000

projection
362.854279 0.000000 351.414600 0.000000
0.000000 322.225739 245.044458 0.000000
0.000000 0.000000 1.000000 0.000000

**** Calibrating ****
mono pinhole calibration...
D = [-0.0036269457381508685, -0.010992075169790824, 0.004832426538261321, 0.0053014621729642365, 0.0]
K = [367.1413313399194, 0.0, 345.71473127919995, 0.0, 323.55131522063704, 242.18018742440165, 0.0, 0.0, 1.0]
R = [1.0, 0.0, 0.0, 0.0, 1.0, 0.0, 0.0, 0.0, 1.0]
P = [362.8542785644531, 0.0, 351.41459959875283, 0.0, 0.0, 322.2257385253906, 245.0444583718945, 0.0, 0.0, 0.0, 1.0, 0.0]
None
# oST version 5.0 parameters


[image]

width
640

height
480

[narrow_stereo]

camera matrix
367.141331 0.000000 345.714731
0.000000 323.551315 242.180187
0.000000 0.000000 1.000000

distortion
-0.003627 -0.010992 0.004832 0.005301 0.000000

rectification
1.000000 0.000000 0.000000
0.000000 1.000000 0.000000
0.000000 0.000000 1.000000

projection
362.854279 0.000000 351.414600 0.000000
0.000000 322.225739 245.044458 0.000000
0.000000 0.000000 1.000000 0.000000

